AIC2022
SmallDungeons
41 39
892 454
horizontal
424
M 6 29
M 34 29
M 5 28
M 35 28
M 5 27
M 35 27
M 5 26
M 35 26
M 6 26
M 34 26
M 6 25
M 34 25
M 7 25
M 33 25
M 8 25
M 32 25
M 8 26
M 32 26
M 9 26
M 31 26
M 9 27
M 31 27
M 9 28
M 31 28
M 8 28
M 32 28
M 8 29
M 32 29
M 7 29
M 33 29
M 6 28
M 34 28
M 13 33
M 27 33
M 13 32
M 27 32
M 13 31
M 27 31
M 14 31
M 26 31
M 14 30
M 26 30
M 15 30
M 25 30
M 16 30
M 24 30
M 16 31
M 24 31
M 17 31
M 23 31
M 17 32
M 23 32
M 17 33
M 23 33
M 16 33
M 24 33
M 16 34
M 24 34
M 15 34
M 25 34
M 14 34
M 26 34
M 14 33
M 26 33
M 14 25
M 26 25
M 15 25
M 25 25
M 16 25
M 24 25
M 16 24
M 24 24
M 17 24
M 23 24
M 17 23
M 23 23
M 17 22
M 23 22
M 16 22
M 24 22
M 16 21
M 24 21
M 15 21
M 25 21
M 14 21
M 26 21
M 14 22
M 26 22
M 13 22
M 27 22
M 13 23
M 27 23
M 13 24
M 27 24
M 14 24
M 26 24
M 9 19
M 31 19
M 10 19
M 30 19
M 11 19
M 29 19
M 11 18
M 29 18
M 12 18
M 28 18
M 12 17
M 28 17
M 12 16
M 28 16
M 11 16
M 29 16
M 11 15
M 29 15
M 10 15
M 30 15
M 9 15
M 31 15
M 9 16
M 31 16
M 8 16
M 32 16
M 8 17
M 32 17
M 8 18
M 32 18
M 9 18
M 31 18
M 4 12
M 36 12
M 5 12
M 35 12
M 6 12
M 34 12
M 6 11
M 34 11
M 7 11
M 33 11
M 7 10
M 33 10
M 7 9
M 33 9
M 6 9
M 34 9
M 6 8
M 34 8
M 5 8
M 35 8
M 4 8
M 36 8
M 4 9
M 36 9
M 3 9
M 37 9
M 3 10
M 37 10
M 3 11
M 37 11
M 4 11
M 36 11
M 15 17
M 25 17
M 16 17
M 24 17
M 17 17
M 23 17
M 17 16
M 23 16
M 18 16
M 22 16
M 18 15
M 22 15
M 18 14
M 22 14
M 17 14
M 23 14
M 17 13
M 23 13
M 16 13
M 24 13
M 15 13
M 25 13
M 15 14
M 25 14
M 14 14
M 26 14
M 14 15
M 26 15
M 14 16
M 26 16
M 15 16
M 25 16
M 13 9
M 27 9
M 14 9
M 26 9
M 15 9
M 25 9
M 15 8
M 25 8
M 16 8
M 24 8
M 16 7
M 24 7
M 16 6
M 24 6
M 15 6
M 25 6
M 15 5
M 25 5
M 14 5
M 26 5
M 13 5
M 27 5
M 13 6
M 27 6
M 12 6
M 28 6
M 12 7
M 28 7
M 12 8
M 28 8
M 13 8
M 27 8
M 2 4
M 38 4
M 2 3
M 38 3
M 2 2
M 38 2
M 3 2
M 37 2
M 3 1
M 37 1
M 4 1
M 36 1
M 5 2
M 35 2
M 5 1
M 35 1
M 6 2
M 34 2
M 6 3
M 34 3
M 6 4
M 34 4
M 5 4
M 35 4
M 5 5
M 35 5
M 4 5
M 36 5
M 3 5
M 37 5
M 3 4
M 37 4
M 1 23
M 39 23
M 2 23
M 38 23
M 3 23
M 37 23
M 3 22
M 37 22
M 4 22
M 36 22
M 4 21
M 36 21
M 4 20
M 36 20
M 3 20
M 37 20
M 3 19
M 37 19
M 2 19
M 38 19
M 1 19
M 39 19
M 1 20
M 39 20
M 0 20
M 40 20
M 0 21
M 40 21
M 0 22
M 40 22
M 1 22
M 39 22
M 3 36
M 37 36
M 3 35
M 37 35
M 3 34
M 37 34
M 4 34
M 36 34
M 4 33
M 36 33
M 6 33
M 34 33
M 5 33
M 35 33
M 6 34
M 34 34
M 7 34
M 33 34
M 7 35
M 33 35
M 7 36
M 33 36
M 6 36
M 34 36
M 6 37
M 34 37
M 5 37
M 35 37
M 4 37
M 36 37
M 4 36
M 36 36
P 1 3 3 3
P 39 3 37 3
P 4 0 4 2
P 36 0 36 2
P 7 3 5 3
P 33 3 35 3
P 4 6 4 4
P 36 6 36 4
P 5 7 5 9
P 35 7 35 9
P 2 10 4 10
P 38 10 36 10
P 5 13 5 11
P 35 13 35 11
P 8 10 6 10
P 32 10 34 10
P 2 18 2 20
P 38 18 38 20
P 5 21 3 21
P 35 21 37 21
P 2 24 2 22
P 38 24 38 22
P 4 27 6 27
P 36 27 34 27
P 7 24 7 26
P 33 24 33 26
P 10 27 8 27
P 30 27 32 27
P 7 30 7 28
P 33 30 33 28
P 5 32 5 34
P 35 32 35 34
P 2 35 4 35
P 38 35 36 35
P 5 38 5 36
P 35 38 35 36
P 8 35 6 35
P 32 35 34 35
P 12 32 14 32
P 28 32 26 32
P 15 29 15 31
P 25 29 25 31
P 15 35 15 33
P 25 35 25 33
P 18 32 16 32
P 22 32 24 32
P 12 23 14 23
P 28 23 26 23
P 18 23 16 23
P 22 23 24 23
P 15 26 15 24
P 25 26 25 24
P 15 20 15 22
P 25 20 25 22
P 10 20 10 18
P 30 20 30 18
P 7 17 9 17
P 33 17 31 17
P 10 14 10 16
P 30 14 30 16
P 13 17 11 17
P 27 17 29 17
P 14 10 14 8
P 26 10 26 8
P 11 7 13 7
P 29 7 27 7
P 14 4 14 6
P 26 4 26 6
P 17 7 15 7
P 23 7 25 7
P 13 15 15 15
P 27 15 25 15
P 16 12 16 14
P 24 12 24 14
P 19 15 17 15
P 21 15 23 15
P 16 18 16 16
P 24 18 24 16
C 2 21 2
C 38 21 2
C 7 27 2
C 33 27 2
C 5 35 2
C 35 35 2
C 15 32 2
C 25 32 2
C 15 23 2
C 25 23 2
C 10 17 2
C 30 17 2
C 5 10 2
C 35 10 2
C 4 3 2
C 36 3 2
C 14 7 2
C 26 7 2
C 16 15 2
C 24 15 2
C 0 38 2
C 40 38 2
C 0 0 2
C 40 0 2
S 20 1
S 20 37
6
9 4 B
31 4 B
20 7 B
10 32 B
30 32 B
20 28 B
1
8 22
32 22
